 811 
1530 
1640 
1230 
 116 
69.5 
69.5 
69.5 
92.7 
 116 
 116 
 116 
 139 
92.7 
92.7 
 116 
 139 
 116 
 139 
 116 
 139 
 139 
 139 
 116 
 139 
 116 
 139 
 139 
 116 
 139 
 139 
 139 
 116 
 139 
 127 
 139 
 116 
 139 
 116 
 139 
 139 
 116 
 116 
 116 
 139 
 139 
 116 
 116 
 139 
 139 
 116 
 139 
 139 
 116 
92.7 
 139 
 116 
 139 
 139 
 116 
 139 
 139 
 116 
 139 
 139 
 116 
 139 
 139 
 116 
 139 
 139 
 139 
 116 
 139 
 139 
 116 
 139 
 116 
 139 
 116 
 116 
 139 
 139 
 139 
 139 
 116 
 116 
 139 
 116 
 139 
 139 
 116 
 139 
 139 
 116 
 139 
 139 
 139 
 139 
  116 
  116 
  116 
  139 
  116 
  139 
  139 
  116 
  116 
  116 
  139 
  162 
  139 
  116 
  139 
  116 
  116 
  139 
  139 
  81.1 
  197 
  139 
  116 
  139 
  116 
  116 
  139 
  139 
  139 
  139 
  116 
  116 
  81.1 
  174 
  116 
  92.7 
  139 
  139 
  139 
  139 
  139 
  116 
  116 
  139 
  116 
  139 
  116 
  116 
  139 
  139 
  139 
  116 
  139 
  116 
  139 
  116 
  139 
  116 
  139 
  139 
  139 
  116 
  116 
  139 
  116 
  139 
  116 
  116 
  116 
  139 
  139 
  116 
  139 
  139 
  116 
  139 
  116 
  139 
  139 
  139 
  139 
  116 
  139 
  116 
  139 
  116 
  139 
  116 
  116 
  116 
  139 
  139 
  116 
  139 
  139 
  116 
  116 
  104 
  139 
  139 
  139 
  116 
  139 
  151 
