 811 
1.53 
1.64 
1.19 
 116 
69.5 
69.5 
69.5 
92.7 
 116 
 116 
 116 
 139 
81.1 
92.7 
 116 
 139 
 139 
 116 
 116 
 139 
 139 
 139 
 116 
 139 
 116 
 139 
 139 
69.5 
 185 
 139 
 139 
 116 
 139 
 139 
 139 
 116 
 139 
 116 
 139 
 139 
 116 
 116 
 104 
 139 
 139 
 116 
 139 
 139 
 139 
 116 
 116 
 139 
 139 
92.7 
 139 
 116 
 139 
 116 
 139 
 139 
 116 
 139 
 139 
 139 
 116 
 139 
 139 
 116 
 139 
 139 
 139 
 116 
 139 
 139 
 116 
 139 
 116 
 139 
 116 
 116 
 139 
 116 
 162 
 116 
 139 
 116 
 127 
 116 
 116 
 139 
 139 
 139 
 139 
 116 
 139 
 139 
 139 
 116 
 139 
 116 
 116 
 116 
 139 
 139 
 139 
 116 
 116 
 116 
 116 
 127 
 116 
 139 
 116 
 139 
 116 
 139 
 139 
 116 
 139 
 104 
 139 
 139 
 92.7
 139 
 139 
 139 
 139 
 139 
 116 
 116 
 116 
 139 
 116 
 116 
 139 
 139 
 104 
 139 
 92.7
 104 
 139 
 116 
 139 
 116 
 116 
 139 
 139 
 116 
 139 
 116 
 139 
 139 
 116 
 139 
 116 
 139 
 139 
 116 
 139 
 116 
 116 
 139 
 139 
 116 
 139 
 92.7
 139 
 116 
 139 
 139 
 139 
 116 
 139 
 116 
 139 
 139 
 139 
 116 
 139 
 139 
 116 
 116 
 139 
 139 
 116 
 116 
 116 
 116 
 139 
 139 
 139 
 139 
 116 
 116 
 116 
 139 
 116 
 139 
 127 
 139 
 150 
